d 30, 10
p 2, 5
o 8 1 8 1
o 8 2 8 2
o 8 3 8 3
o 8 4 8 4
o 8 5 8 5
o 8 6 8 6
o 8 7 8 7
o 8 8 8 8
o 12 0 12 0
o 12 1 12 1
o 12 2 12 2
o 12 3 12 3
o 12 6 12 6
o 12 7 12 7
o 12 8 12 8
o 12 9 12 9
o 16 2 16 2
o 16 3 16 3
o 16 4 16 4
o 16 5 16 5
o 16 6 16 6
o 19 1 19 1
o 19 2 19 2
o 19 3 19 3
o 19 4 19 4
o 19 5 19 5
o 19 6 19 6
o 19 7 19 7
o 19 8 19 8
o 19 9 19 9
o 22 1 22 1
o 22 2 22 2
o 22 3 22 3
o 22 5 22 5
o 22 6 22 6
o 22 7 22 7
o 23 5 23 5
o 24 5 24 5
o 24 6 24 6
o 24 7 24 7
o 25 0 25 0
o 25 1 25 1
o 25 2 25 2
o 25 3 25 3
o 25 4 25 4
o 25 5 25 5
o 26 8 26 8
o 26 9 26 9
o 27 7 27 7
o 27 8 27 8
o 27 9 27 9
o 28 0 28 0
o 28 1 28 1
o 28 2 28 2
o 28 3 28 3
o 28 5 28 5
o 28 6 28 6
o 28 7 28 7
o 28 8 28 8
o 28 9 28 9
