d 70, 10
p 4, 5
o 8 1 8 1
o 8 2 8 2
o 8 3 8 3
o 8 4 8 4
o 8 6 8 6
o 9 6 9 6
o 9 7 9 7
o 9 8 9 8
o 10 4 10 4
o 12 1 12 1
o 12 2 12 2
o 12 3 12 3
o 12 4 12 4
o 13 1 13 1
o 13 4 13 4
o 13 5 13 5
o 16 2 16 2
o 16 3 16 3
o 16 4 16 4
o 16 5 16 5
o 16 6 16 6
o 19 7 19 7
o 20 0 20 0
o 20 1 20 1
o 20 2 20 2
o 20 3 20 3
o 21 0 21 0
o 21 1 21 1
o 21 2 21 2
o 21 3 21 3
o 22 0 22 0
o 22 1 22 1
o 22 2 22 2
o 22 3 22 3
o 25 4 25 4
o 26 2 26 2
o 26 3 26 3
o 31 3 31 3
o 31 4 31 4
o 31 5 31 5
o 31 6 31 6
o 32 3 32 3
o 32 4 32 4
o 32 5 32 5
o 32 6 32 6
o 33 3 33 3
o 33 4 33 4
o 33 5 33 5
o 33 6 33 6
o 34 3 34 3
o 34 4 34 4
o 34 5 34 5
o 34 6 34 6
o 35 3 35 3
o 35 4 35 4
o 35 5 35 5
o 35 6 35 6
o 36 3 36 3
o 36 4 36 4
o 36 5 36 5
o 36 6 36 6
o 40 3 40 3
o 40 4 40 4
o 40 5 40 5
o 40 6 40 6
o 41 3 41 3
o 41 4 41 4
o 41 5 41 5
o 41 6 41 6
o 42 3 42 3
o 42 4 42 4
o 42 5 42 5
o 43 2 43 2
o 43 3 43 3
o 43 4 43 4
o 43 5 43 5
o 48 3 48 3
o 48 4 48 4
o 48 5 48 5
o 49 3 49 3
o 49 4 49 4
o 49 5 49 5
o 49 6 49 6
o 50 3 50 3
o 50 4 50 4
o 50 5 50 5
o 50 6 50 6
o 50 7 50 7
o 58 5 58 5
o 58 6 58 6
o 58 7 58 7
o 59 4 59 4
o 59 5 59 5
o 59 6 59 6
o 59 7 59 7
o 59 8 59 8
o 59 9 59 9
o 60 7 60 7
o 60 8 60 8
o 60 9 60 9
o 61 0 61 0
o 61 7 61 7
o 61 8 61 8
o 61 9 61 9
o 62 0 62 0
o 62 1 62 1
o 62 2 62 2
o 62 7 62 7
o 62 8 62 8
o 62 9 62 9
o 63 1 63 1
o 63 2 63 2
o 63 7 63 7
o 63 8 63 8
o 63 9 63 9
o 64 1 64 1
o 64 2 64 2
o 64 7 64 7
o 64 8 64 8
o 64 9 64 9
o 65 1 65 1
o 65 2 65 2
o 65 7 65 7
o 65 8 65 8
o 65 9 65 9
o 66 1 66 1
o 66 2 66 2
o 66 7 66 7
o 66 8 66 8
o 66 9 66 9
o 67 1 67 1
o 67 2 67 2
o 67 7 67 7
o 67 8 67 8
o 67 9 67 9
o 68 1 68 1
o 68 2 68 2
o 68 7 68 7
o 68 8 68 8
o 68 9 68 9
