d 30, 10
p 3, 6
o 8 1 8 1
o 8 2 8 2
o 8 3 8 3
o 8 4 8 4
o 8 5 8 5
o 9 1 9 1
o 9 5 9 5
o 10 1 10 1
o 10 5 10 5
o 12 1 12 1
o 12 2 12 2
o 12 3 12 3
o 12 5 12 5
o 13 1 13 1
o 13 3 13 3
o 13 5 13 5
o 14 1 14 1
o 14 3 14 3
o 14 4 14 4
o 14 5 14 5
o 16 1 16 1
o 16 3 16 3
o 16 5 16 5
o 17 1 17 1
o 17 3 17 3
o 17 5 17 5
o 18 1 18 1
o 18 2 18 2
o 18 3 18 3
o 18 4 18 4
o 18 5 18 5
o 20 1 20 1
o 20 2 20 2
o 20 3 20 3
o 21 3 21 3
o 22 1 22 1
o 22 2 22 2
o 22 3 22 3
o 22 4 22 4
o 22 5 22 5
o 24 1 24 1
o 24 2 24 2
o 24 3 24 3
o 25 1 25 1
o 25 3 25 3
o 26 1 26 1
o 26 2 26 2
o 26 3 26 3
o 26 4 26 4
o 26 5 26 5
